0001001001000000000000000000000000000000000000000000000000000000000000000
0000001001000001100010000000100000000000000000000000000000000000000000000
0000010001010000000001000000110110000000000000000000000000100000001000000
0000010001010000000001000000110110000000000000000000000000100000000010001
0001101010000000000000000000000000000000000000000000000000000000000000000
0000001001000001100010000000100000100000000000000000000000000000000000000
0000010001010000000001000000110110000010000000000000000001100000000100000
0000010001010000000001000000110110000010000000000000000001100000000000001
0000010001010000000010000001000001100000000000000000000001100000001100000
0000001001000001100010000000100001000000000000000000000000000000000000000
0000010100100000000000000000000000000000011000000100100000000000000000000
0000010100100000000000000000000000000000011000000100100000000000000000000
0000001001000000010000010000110000000000000000000000000000000000000000000
0000001001000001100000100000100000000000000000000000000000000000000000000
0000001001000001000001000000001010000010000000000000000000000000000000000
0000010001010000000001000000000000000000000000000000000000100000100110000
0000101000000000000000000000000000011100000000000000000000000000000000000
0000101000100000000000000000000000011000000000000000000000000000000000000
0010010001010000011000000000000010000000001000000000000001100000001010000
0010010001010000011000000000000010000000001000000000000001100000001010000
0000001001000001011000010010110000000000000000000000000000000000000000000
0000001001000001011000010010001100000010000000000000000000000000000000000
0000001001000000010000010000001000000010000000000000000000000000000000000
0000001000001000000010000000000001100100000000000000000000000000000000000
0000001000101000000010000000000001100000000000000000000000000000000000000
0000101100101000000000000000000000010100000000000000000000000000000000000
0000000000000000000000000000000000000000000000000000000000000000000000000
0000001001000001100100000000000000000100000000000000000000000000000000000
0000101110001001001000000010000000010100000000000000000000000000000000000
0000101110101000000000000000000000010000000000000000000000000000000000000
0000001001000000010100001000000000000100000000000000000000000000000000000
0000001001000001100100000000000000000000000000000000000000000000000000000
1000000000000010000000000000000000000000100000001000000000000000000000000
0000110000101000000000000000000000010100000000000000000000000000000000000
0011010010010000000000000000000000000000000000001000000000000000000000100
0000010000000100000100000000000000000100000000000000000000000000000000000
0000110010001000000000000000000000010100000000010000000000000000000000000
0000110010100000000000000000000000011100000000000000000000000000000000000
0011010010101000000100000000000000000000000000001000000000001001000000000
0100000000010000000000000000000000000000000000000000000000000100000000010
0000000000000000000000000000000000000000000000000000000000000000000000000
0000010101101000000000000000000000000100000010000001000000010000000000000
0000010100100000000000000000000000000000000000000100000000000000000000000
0000011011100001000000000100000000000000000000100000001000000000000000000
0000110110000000000000000000000000011100000000000000000000000000000000000
0000110110101000000000000000000000010100000000000000000000000000000000000
0000010001010000000000000000000000000000000000000000000011100000010010000
0000001001000000010100001000000000000100000000000000000000000000000000000
0000111000001000000000000000000000010100000000000000000000000000000000000
0000111000101000000000000000000000010100000000000000000000000000000000000
0000011011000000010100001000000000000100000000000000000000000000000000000
0000011100000001000000000101000000000001000000000000010000000000000000000
0000010100100000000000000000000000000000011000000100100000000000000000000
0000010100100000000000000000000000000000011000000100100000000000000000000
0000010001010001000000000101000000000001000000000000010001100000001110000
0000010001010001000000000101000000000000000000000000010001100000010100001
0000011101000000000100000000000000000100000100000000000000000000000000000
0000011110001000000000000000000000000000000000000000000000000000000001000
0000001001000001000000000101000000000000000001000000000100000000000000000
0000010110001000000000000000000000000100000000000010000001000000000000000
0000111110000000000000000000000000011100000000000000000000000000000000000
0000000000000000000000000000000000000000000000000000000000000000000000000
0000010001010001000000000101000000000000000000000000010000100000010000001
0000000000000000000000000000000000000000000000000000000000000000000000000